$ANSIBLE_VAULT;1.1;AES256
63653731663661346631373832653037613964616361633131343366623336623439363763373837
6165623131333031656664356330616237383333653035360a643062633662353338633333353933
36616263653038656465383737326234646635666465376232613936313334356261376135663436
3339393832353739370a663163313363376239313138383664373665343334346538316565383066
32646263633963616462666433396633346564393935646634326663393439613862356238316262
30353966313132643035636663613631356333613361383764653666636365376538383661363139
31303030613063366633306264323532363432626331656536366431396262353330323433323066
34316634363263333334343830663839313064393763623461353962613862306232373436386461
61656561613932313334363838643661346236306639313965633336386338313665346365626130
63376465643739343364343432616461623461373864663462333064633961306638373832343333
33633162313165336337386434323964363365326532323031363332666239313938346237616139
35363865343836386365663031373331636538383930653331636632643337663665666239643838
35376337623734353337323964343665366534393332386632313437613266663335376533636636
32636462326236366234393932323633613339343936346639386664373161323461383835363064
62636161393835343538386636383365623932376563356532353065373364373131623037623862
62396665653737666661663130343330396132336433343562343231333830633031633238656332
64366330613739643931303735306162666236333237316631346135663439346561303130613230
37626264343632386135626133373930633963396535303336656661656630633465353864316363
62363163663462316265323930616637666538393834656139343438323032346438666566346634
65646334666530366433313563383137303866353130616638373639373238343239383061356135
65666333303064386333346135303537323862343339303166326133313736333835303434663137
33623561323561616332626130366630343035383039306238313063313935323838353366383235
66653361316164303738386439623363613735303438613030323534633463623462366439616236
33373632346562393839626430396437623262356434316232613037313761316664313364303861
31373362653037633562393836623661316335336339366230386239653739343831636161366362
33376633646134333033666637343231636663366166623963643830653130633831346562656135
36316634303238336564336265616131643739306262383530316535336338303266373835623131
34366365643339643432613934303632366535356430363832666231656230306137653335356265
39386234653834383965393635303231303335643331363236663063313233353335633535643361
63656466653863396263313836656265353131376538636565303637613166323236653732656538
64393432393933616565326539653736313637396161353932323765323635343031363665303632
63363233336138346532386466643537383630346336303933356438353663366632376535343134
33633732333735343663376539323463336164386465653832393363323136613638376435313063
39633164663366643431643662306361323934356330613130343565363433643930643762653238
37306163343839636265316537623933663330633238356236323032613963613266313061626666
37386333326365623262663466373135633935366332366566636232643562356430666137356537
34333262623531636664633761346234303530333134633631623731326436366439653439336363
64653461656161643261383363323739663639653630313233316462626339666366346434343533
65623065643937383362653239386332363465333566396438653565303231356235346161636636
32636633396131393863393439396336393866303366376638373266623265363430626134656530
38333962353864346537656266303233333564636366656465313064653935623636323138663236
38613966303630373565376362663864376463323738623739653432373065353636666161396536
33333535316432643839316534396637376632333339636330616138633639323037356166313438
63613963663838633637623131373061636663336463623439653539373538613535316331626133
37613265623835353861373438643837366164343363363836343637303936323962616561653365
37313833326637363838663838663262633931366264666636363337373635336238643331313566
39616231393239346363353238343331323631376561333233626439333936343963316433656535
33646262316363316534653666616261333563336530323335366135633231346136373831373236
65343363333735313838343430383562383234393166663539333133646135643962386137383265
33313765663731663262653634653133616662636135396332643130333934613339646436336330
66386636623035386531666633653230356431346430386264623563346230633463623433646431
33386238386465666362363134613937613763646335623838313861333635323765373364303731
66393364363861643563653130396433623561303832643865623430353133653833373635633231
38376536316335656336623666346234643030313635363033663833323631343331336661306661
30306238633065343965323033336261366161326134333661646439323166633362356162323637
61386533633837623662633634366130653731613530666634646665343439653839323738343036
37616366313837353666363337356533636561643337376632306563373061626238343531616130
37643561623338656665326432666239383937373038366230356531636534356262353936653462
38646634643463346332353137353238633333646437313138316634616637396236353263306565
31363233343861633263313935333064643633636437346333663738373938623136663166393538
66393363353132393461623234363633363432653761353364363738333034653734346331616264
62353065653264316366333166303635653231666634636362346234316463333633373139303962
38336139643564353535646536383064643965626239643337613731666661383731626635343034
64626663626338333365363233623337326334663838343065646133373238306533623732626536
65383065316431343663663061306537333630616137373930326161383838353239313362633961
32343638373538323733326333656464643065623563333832343937653633323939663966393537
32373833306136363932643335383331656664393532646137656334313433376135366638323532
39316632613863616132636137383637386561616137316435333531336662393432613766616639
34636364313633363563346437613830663237326461323163616330383263366463373033323031
38646631396439633638376134326237633530303936636533653661313235303262333564623562
63353361663732336365383065303966623737643834666430363732326365353231643662303461
36343964353862316362646139333234393939636237396237656635633330383966326537653866
33383335323262373830356563336563383262316135613930313234366637333035333163316337
61383535653330363733376366326566336365303334373661646332323166613862303862373935
34346530313334663332313137303238663965383235636634376165616337393738383766336433
38343564323035333938663737333237643132353638643232383432656132656466373738386361
32366662656532306633653535646131353465646634306636666235376139663332663431376666
62333334373135666533383532333930313937623636333134663731353563653633613764626435
66303230623638363831343437653964313465353930303231363632313339666561656165343435
38333835656539366430346464636134653465646337316332626537393331616632643838323438
64303764306666313363636536363562633938666566373463383732643038393434323337306666
38666333636161663035393066383332343330393665393734616263316530356332326464326632
61653038653233363931326134306162313131343138633334303964373164343532646334663736
30303932633130616366396338393035643364393736623838396335646130313138666631633962
66333934386461653337646463356661396666653861663963353038326461663233396365623136
38633461323132353061643637323339636639393535663037653530336266386364666662333663
34643735626637343736333030636137373664353534353161336233316465643863366536303336
63386332613262313734
